image_width: 752
image_height: 480
camera_name: camera2
camera_matrix:
  rows: 3
  cols: 3
  data: [1.003617,0.028228,368.304604 , -0.032619, 1, 230.473686, 0, 0, 0]
distortion_model: taylor
distortion_coefficients:
  rows: 1
  cols: 4
  data: [2.176136e+02, -1.654038e-03, 8.347580e-07, -5.008538e-09]
rectification_matrix:
  rows: 3
  cols: 3
  data: [0, 0, 0, 0, 0, 0, 0, 0, 0]
projection_matrix:
  rows: 3
  cols: 4
  data: [0, 0, 0, 0, 0, 0, 0, 0, 0, 0, 0, 0]
