image_width: 752
image_height: 480
camera_name: camera1
camera_matrix:
  rows: 3
  cols: 3
  data: [1.003197,-0.061356,381.552193 , 0.056602, 1, 250.523833, 0, 0, 0]
distortion_model: taylor
distortion_coefficients:
  rows: 1
  cols: 4
  data: [2.168300e+02,-1.595881e-03,3.846886e-07,-3.762785e-09]
rectification_matrix:
  rows: 3
  cols: 3
  data: [0, 0, 0, 0, 0, 0, 0, 0, 0]
projection_matrix:
  rows: 3
  cols: 4
  data: [0, 0, 0, 0, 0, 0, 0, 0, 0, 0, 0, 0]
